7.864706
8.614768
9.257902
9.983971
12.04484
13.71875
14.39844
15.4612
15.8248
16.17158
16.48386
16.91209
17.51756
18.20747
19.53513
20.60063
20.97655
21.31759
21.65617
22.28215
23.68862
24.05269
24.37117
24.71143
25.07004
25.41065
25.72799
26.09096
26.4304
26.78563
27.11642
27.79114
28.79122
30.16612
30.53203
31.54813
31.93104
32.25853
34.63836
36.02527
37.40047
38.75313
40.15765
41.52439
42.91525
44.26379
45.63782
46.54767
46.96038
47.33291
47.71583
48.66659
49.03495
50.0658
50.76053
51.10763
52.3825
53.4913
53.87526
54.2173
54.46568
56.65334
57.64073
58.07018
58.98866
59.44251
60.34864
60.81117
61.73506
62.20756
63.22524
63.76757
64.47013
64.94713
65.77408
66.15759
66.52725
66.8401
67.19669
67.55409
67.86842
68.20318
70.27287
71.69164
72.69035
73.03637
74.01353
75.42357
75.79961
76.12051
76.45779
76.80073
77.14238
78.15695
78.54395
79.50697
79.91693
80.88977
81.28166
82.30904
82.67367
83.64773
84.01983
85.04437
85.36636
85.71797
86.0361
86.43112
86.77556
87.13261
89.50659
90.90149
92.24768
93.64802
94.99531
96.3533
97.74505
98.12833
98.68437
99.12553
99.47352
100.6623
101.0315
101.8655
102.8442
103.2235
104.5027
105.9303
106.9567
107.2727
108.3564
109.289
109.6857
110.0573
111.1193
111.4816
112.7539
