3.520243
9.671288
10.52162
11.27136
12.07802
12.82
13.56
17.48206
18.21724
18.42789
18.63649
18.85979
19.21063
19.40095
20.13515
20.95062
22.90261
23.64264
24.45929
25.1957
26.00103
27.57594
28.32555
29.80886
30.63159
30.82907
31.41058
32.17583
32.95374
34.48129
35.27123
36.04304
36.82713
37.58164
38.36274
39.10492
39.89294
40.6651
41.43226
42.22498
43.77948
44.55877
45.31626
46.83881
47.60999
48.40353
48.62019
49.19311
50.72681
51.49223
51.70831
52.32952
53.03537
53.34708
53.65214
53.83398
54.2036
54.79453
55.15884
55.5031
55.86847
56.17878
56.53037
56.90448
57.08464
57.27575
57.62547
58.00723
58.21383
58.42137
58.71469
58.912
59.07784
59.28803
59.75552
59.94645
60.54603
60.93472
61.14124
61.54163
63.87823
64.2644
64.64198
65.04951
65.42736
65.9771
66.16812
66.46422
66.77097
66.95364
67.72031
68.12978
68.53337
68.93497
69.1128
69.50333
69.86505
70.21635
70.43194
70.75275
70.96851
71.22675
71.43026
71.63018
72.00871
72.36429
72.74197
73.16734
73.92741
74.35305
74.75247
75.11764
75.31
75.51432
76.06022
76.30327
76.6301
77.01884
77.83515
78.1316
78.38381
78.57681
78.95757
79.35168
79.66302
79.93427
80.11317
80.50508
81.30896
82.08112
83.64939
84.36601
85.16988
86.73763
87.46684
88.22689
88.64194
89.60884
90.00363
90.25014
