8.562784
13.74685
15.52108
16.36049
17.19822
18.963
19.86513
20.72753
22.47916
23.32698
24.23089
26.35626
27.22784
28.04386
29.39454
30.24336
31.09776
33.74623
34.59739
35.47987
36.30965
36.777
37.18852
38.93679
39.80039
40.64021
42.39147
42.83377
44.16755
45.03472
45.89317
47.56236
50.16272
51.06063
52.82787
53.66425
55.37827
56.28919
58.93045
59.34342
59.76357
62.39437
62.82701
63.24427
64.56022
65.87691
66.77119
67.67994
68.08489
68.49802
71.11839
71.5324
71.9703
74.60513
75.02107
75.46095
76.30959
76.72632
77.17014
81.56959
81.98317
82.40987
85.03365
85.86063
86.80489
87.63143
88.50974
89.33801
90.23836
91.07577
92.0125
92.42889
92.85868
95.49188
95.90945
96.34227
98.96936
99.3786
99.80363
102.4215
102.8421
103.2793
104.1586
104.5709
105.0092
105.9091
106.7869
109.398
111.0908
112.463
112.9321
