2.893843
3.09471
3.271339
3.792828
4.235585
4.69626
4.984751
6.338006
6.526392
6.750578
6.916504
7.307321
7.658031
8.576213
8.970789
9.398326
9.908964
10.15793
11.64773
12.01001
12.46051
12.84948
13.29209
13.47041
13.69434
13.82297
14.16613
14.59412
15.52544
16.30342
16.7281
17.22515
18.04713
18.2556
18.51107
18.70745
21.51139
21.75483
22.01046
22.23417
25.01331
25.27054
25.50014
25.71048
28.48382
28.74565
28.98366
29.40433
30.6456
30.85552
31.05394
31.93804
32.37027
32.75401
32.97475
33.16576
33.34621
33.53897
33.72558
34.5982
34.9777
35.35363
36.34755
36.5742
36.78556
36.97797
37.22891
37.82914
38.44213
38.92276
39.13414
39.35541
39.60332
40.04201
40.4594
41.09435
41.32767
41.56662
41.97394
42.38177
43.30008
43.53225
43.75955
43.99115
44.55852
44.76894
45.40856
45.8842
46.11315
46.79477
47.01665
47.24652
47.44324
48.0432
48.27206
48.76525
49.17561
49.43208
49.63034
49.82614
50.01571
51.54658
51.77117
52.00254
52.41961
53.79574
54.00853
54.20872
54.41106
54.60498
55.02108
55.44242
55.89407
56.29442
56.74025
57.25229
57.47984
57.70407
57.90006
58.12763
60.26322
60.4873
60.72167
60.93863
61.15997
61.36888
61.6051
63.7155
64.1507
64.58784
64.9884
65.46519
65.68884
66.08282
66.52674
67.86472
68.11871
68.34146
68.55917
68.93721
69.38219
69.82411
70.30299
70.67578
71.12531
72.42169
72.6612
72.88105
73.09523
73.33561
73.54613
73.75996
74.14582
74.60326
75.92685
76.3189
76.56007
76.7925
77.0021
77.2218
77.82085
78.26187
79.35846
79.74919
80.15888
80.6176
81.06165
81.30956
81.74516
82.19122
82.81734
83.04842
83.30841
83.50285
83.74153
83.98111
84.2136
85.00867
85.49195
85.71272
85.94524
86.85322
87.25798
87.49149
87.73573
88.60828
89.00286
89.21696
89.47517
90.32191
90.70296
90.91082
91.16254
91.53707
91.76025
92.01617
92.91042
93.3438
93.56009
93.79648
94.61418
95.06479
95.52265
95.92517
96.36449
96.98096
97.20904
97.63181
97.84731
98.119
98.52003
99.75563
100.2253
100.444
100.695
101.591
102.428
102.8143
103.261
103.6481
105.0043
105.4577
105.6758
105.9291
106.3386
106.5526
106.7992
107.2012
107.4296
107.7137
108.5425
108.9626
109.4091
109.8065
110.2441
110.8498
111.0684
111.5269
111.9482
112.3746
112.8354
