2.963962
3.176136
4.602761
4.800121
5.060698
5.522514
5.908078
6.418313
6.626366
8.565675
9.801288
10.00528
10.24935
10.69983
11.15759
11.80374
12.46051
12.83351
13.37587
13.55012
15.53415
17.59198
18.97689
19.3977
19.80434
20.21756
20.6519
21.06524
22.4716
22.85718
23.2741
23.67527
24.10521
24.55567
25.95075
26.34355
26.75253
27.19396
27.59963
28.06119
29.62868
29.86112
30.04387
30.25533
31.44897
32.16475
32.57883
34.07869
34.34849
34.78834
35.19163
35.63118
35.86478
36.09588
37.60376
38.06532
39.85374
40.24422
40.67517
42.86222
44.22094
45.0373
46.33356
46.54986
47.63694
48.54924
48.99117
50.26027
50.4826
50.70444
50.92262
51.15776
52.8419
53.06561
53.30418
53.54226
55.22139
55.88443
56.29442
56.72068
58.50169
58.70964
58.93409
59.15004
59.36734
59.57475
59.82738
62.00237
62.21819
62.43309
62.64917
62.86287
63.07773
63.28791
63.92434
64.34787
64.77823
65.89697
66.31019
66.75334
67.16698
67.41206
67.63438
69.14627
69.62496
70.07553
71.33852
71.55701
71.78163
72.01183
74.36002
74.79131
75.0348
75.26571
75.48464
76.11805
77.60866
78.0384
78.47134
78.71175
78.9477
79.56194
79.98455
80.36806
81.51816
81.9534
82.41117
84.58251
85.00307
85.93792
86.40395
86.62476
86.84269
87.71467
88.12585
88.35236
88.59258
89.44693
89.86548
90.08278
90.30841
91.14558
91.99483
92.39709
92.64633
92.88784
93.77547
94.17824
94.38808
94.61418
95.27409
95.50911
96.12562
96.34548
96.78289
97.1918
98.53313
98.95255
99.18361
99.74684
100.6753
101.1303
101.3583
102.4356
103.6606
103.9009
104.1197
104.3646
104.5715
104.788
105.0006
105.9044
106.7826
107.6462
108.0543
108.2664
108.5109
109.1779
109.4076
110.023
110.2336
110.6645
111.0439
112.3689
112.8256
