8.562784
13.74685
18.02779
18.43281
21.51433
21.93164
25.00641
25.41228
28.47825
28.89946
32.00117
32.86052
38.06595
41.50165
43.31787
46.71619
48.47916
48.86826
49.28777
49.70975
51.92163
54.52611
57.19971
57.59461
58.00425
60.67756
61.08904
61.49298
64.14439
64.96258
66.31049
69.3617
69.76175
70.17146
72.85662
73.25677
73.67822
78.0366
78.46285
78.86259
79.80077
80.21895
80.63983
83.26736
83.65182
84.06346
85.4523
87.203
88.90397
90.62665
93.74835
94.14212
94.53651
97.21355
97.61098
98.03683
100.6466
101.0814
101.5117
107.6293
108.4991
110.2292
111.9978
112.4465
