3.511332
5.863695
7.59016
7.790483
7.981585
8.16551
9.961493
11.84414
13.15615
16.33525
16.78023
16.97577
17.19025
17.44066
17.71938
19.549
21.00745
22.58378
24.33349
25.96601
27.52408
27.89859
28.31509
28.72839
29.52552
29.74631
32.37164
33.7625
35.5735
36.36198
36.7754
37.78905
38.32325
40.3213
40.74406
41.9885
43.32332
43.7388
43.93867
45.17292
46.69179
48.28825
49.94139
51.46253
53.07407
53.48825
53.85825
54.28969
55.56059
55.97248
56.18865
57.95897
59.53132
61.22602
62.57468
63.55144
63.94447
64.34273
65.06847
65.36414
65.68933
67.53012
68.13957
69.19408
69.58942
70.74338
70.96246
72.70538
74.36958
76.51576
77.26451
77.48189
78.15215
78.3953
80.33083
80.68948
83.5531
86.76982
87.51908
87.8918
90.0415
90.25774
90.92546
91.13191
93.17857
93.89464
94.19042
96.38882
100.3324
102.6427
104.3086
105.9183
106.5593
106.9463
107.9476
109.1095
109.9349
110.2101
110.5444
110.7785
112.1682
113.3683
113.7753
114.1696
114.4004
114.5743
114.7689
114.9734
115.1732
115.3667
117.142
118.7816
119.5318
120.1258
120.5613
120.973
121.9281
123.5503
123.9164
124.3061
124.7016
126.3235
126.7545
127.7303
129.8683
131.5632
131.9547
134.8279
141.1384
142.7617
143.5254
143.9194
