3.357193
4.505724
4.695676
4.874064
5.025196
5.874113
6.889293
8.64983
8.930326
9.279378
9.961493
11.06454
11.25331
11.42395
11.84414
13.10144
14.19924
14.71035
15.45709
18.13099
18.38303
19.55851
20.57312
20.80687
22.59579
23.16142
23.56463
23.94295
24.83665
25.45276
26.79039
27.17569
29.16651
29.99584
30.27314
30.54222
32.38877
33.15487
33.42399
34.73832
35.1223
35.56192
37.21007
38.77414
39.12169
39.506
39.90491
41.9885
42.3572
42.57206
42.77749
43.0382
45.17846
46.13916
46.40499
49.95904
50.46011
51.05513
52.30678
52.70511
54.67777
55.10567
55.35568
55.77212
56.52196
56.74479
56.9504
57.33476
57.54395
57.74751
58.64462
58.98911
59.90908
60.35739
60.76292
60.98346
61.53997
61.74506
61.95933
62.15641
62.37579
62.92773
63.14425
63.3269
63.75275
64.13918
65.92783
66.32776
66.74094
67.12275
67.90338
68.37191
68.75199
68.95254
69.39759
69.77655
70.01116
70.36768
70.85052
71.08498
71.23672
71.55884
71.84882
72.15552
72.36685
73.13302
73.54234
73.76642
73.99723
74.72359
75.15287
75.34726
75.56633
75.76418
75.96043
76.17439
76.74615
77.17311
77.38176
77.59004
77.79542
78.00892
78.26879
78.71573
79.18983
81.08529
81.4017
81.70892
83.5531
83.92412
84.31256
84.609
84.90359
86.76572
88.30027
88.73351
89.12424
89.49568
89.95375
90.16548
90.37859
90.5815
90.82289
91.0435
91.30224
91.54108
91.88925
92.28627
93.17219
94.5396
94.90779
95.11213
95.27451
96.39079
97.37282
97.57526
97.8145
99.62325
101.1269
101.6463
102.2845
103.4897
103.9009
104.2969
104.72
105.1023
105.5295
106.3531
106.7731
107.1435
107.3743
107.7647
108.1602
108.5427
108.7649
111.1402
111.5329
111.9796
112.3732
112.7535
113.1773
113.5822
115.5912
116.3436
116.6505
116.9716
117.5024
117.9576
118.3809
118.5913
119.1364
119.9239
120.38
120.7751
121.3169
121.561
122.3463
122.7438
123.0448
123.3487
125.102
125.5082
125.9089
126.5568
126.9837
127.22
127.4034
128.0374
128.3747
128.7182
129.1478
129.5109
130.2594
130.6985
131.0917
131.5496
132.3477
132.6547
132.9454
133.3116
133.5532
134.8279
135.657
135.8853
136.1097
137.8107
138.3503
138.7582
139.14
139.5162
139.9406
140.3266
140.724
141.1257
141.8936
142.311
142.7526
