6.865104
11.1641
11.4211
13.26428
14.71647
15.53529
19.5508
22.59875
26.69669
27.09631
29.11155
32.31372
33.10098
33.39649
33.71574
37.10118
38.71114
41.96225
45.16753
46.03083
46.31303
46.59778
48.16083
53.083
53.52525
53.93019
54.31338
60.34072
60.72559
64.28024
65.16704
65.41602
67.50923
70.74236
73.15182
77.49982
80.3744
81.08161
81.37406
81.66998
84.31283
84.58277
84.89495
93.14027
93.89532
94.19021
94.52422
97.37148
97.60327
97.81791
102.6885
104.7307
105.9373
109.5401
111.5399
111.9223
114.7393
115.0947
117.9116
118.3199
122.7461
123.0036
127.1116
131.5606
132.3042
132.6015
132.8904
134.7446
141.1025
142.7505
