6.865104
10.98625
13.27017
16.32392
17.86741
23.11687
23.54524
25.91756
27.51112
27.9279
28.31406
28.72939
29.11155
29.93488
30.51092
32.31688
35.52814
36.31896
36.69451
37.71413
38.28402
39.49694
40.27813
40.71098
41.96674
42.73378
43.03223
43.36151
45.17836
48.16804
49.92758
50.56059
51.11354
51.51811
52.3582
52.7561
53.08805
54.71654
55.53159
56.33181
57.90408
58.74033
59.03649
61.13757
62.72912
63.57141
63.93099
64.28347
65.93224
66.75034
67.52161
68.32114
69.1362
69.53531
69.93637
71.53209
71.81618
73.53841
73.96333
75.51313
77.14548
77.92116
78.68098
79.10328
80.36893
83.52791
86.72653
87.5383
87.94777
89.93805
90.33105
90.73946
91.13152
91.53656
91.94038
93.14584
96.37392
99.5625
101.1005
101.7106
102.2671
104.3193
105.1233
105.5553
105.946
107.5363
108.337
109.1238
109.9735
110.7612
112.3823
113.9521
115.5161
117.1066
117.525
118.7571
120.3338
121.9641
123.5367
125.1402
126.7305
127.5063
128.363
131.5738
134.7476
135.6639
135.9277
136.1686
139.5082
139.9708
140.6682
142.7505
143.5024
143.8954
