3.515413
9.669441
14.35389
15.12538
15.88238
17.84405
19.77515
20.55098
21.35331
21.56343
21.78114
21.98113
22.29319
22.50026
24.44251
25.9768
26.76369
27.51962
30.21171
31.39218
32.94269
33.69243
33.90884
34.45869
36.40114
37.57815
39.87498
42.21159
42.9656
43.18356
43.75556
45.30278
46.10923
46.81478
49.18497
49.95133
50.70319
52.32164
54.2121
54.61253
55.00134
55.3489
55.67526
55.94472
56.15955
57.56963
59.60078
60.31576
61.55498
61.91082
62.14477
62.33913
62.63749
62.92535
63.11329
63.36962
63.6659
63.87542
64.63839
67.3136
67.73139
68.13194
69.32404
69.72186
70.59447
72.37484
73.17733
73.52499
73.9595
74.76621
75.81323
77.02796
77.437
78.96898
80.50414
82.09885
82.85871
83.63538
85.16206
85.90886
86.72556
88.63884
88.98
89.26538
89.8287
90.2461
