6.891294
7.225414
8.92011
9.577054
10.2663
10.96574
11.6156
12.70438
14.06575
14.3906
15.43758
16.81544
17.50122
18.88005
19.54585
20.85787
21.24106
22.29976
22.99866
23.67578
24.34566
25.02413
25.72359
26.40185
27.04948
27.72459
28.13198
28.46682
29.14564
29.49938
29.85144
30.52673
31.18699
31.53306
31.87383
32.26431
33.47347
33.93339
34.28684
34.64003
35.93138
36.33224
37.32978
37.5949
38.7672
39.1245
40.66898
41.38277
42.14012
42.77753
43.19207
44.16051
44.57985
45.56669
45.86886
46.90796
47.31676
48.30249
48.67316
50.068
50.39464
51.01932
51.6833
52.0769
52.84618
53.68892
54.04427
54.40923
56.5903
59.26606
62.01857
64.75252
65.39977
66.05668
66.85506
67.55949
68.94287
69.58799
70.26269
71.00344
71.63769
73.01612
73.68274
74.36726
75.74332
76.42844
77.09936
78.51589
79.1889
79.8405
80.54197
81.27407
81.94854
82.6852
83.33093
84.65089
85.33797
86.02724
87.03098
88.36739
88.75052
89.39816
89.68959
90.03181
91.51021
92.1815
93.53925
93.91398
94.92558
95.60866
96.96591
97.52227
97.99748
98.59716
99.38179
99.75258
100.0761
100.465
100.9651
101.7732
102.4549
102.8478
103.19
103.5423
103.892
104.9138
105.2428
105.8644
106.5044
106.8923
108.0145
108.6377
108.9984
109.6505
110.4146
111.067
111.4178
112.3174
113.1563
113.5062
114.0371
114.4976
