3.353559
4.420745
6.485078
8.148503
9.525788
10.90924
11.97782
13.29638
14.37169
14.71808
15.72291
17.50634
18.76958
19.806
21.22306
22.55337
23.94413
24.65721
25.32677
25.66885
26.01703
26.69746
27.76494
28.12453
28.43626
29.11092
29.44722
29.84423
31.16226
31.50987
32.23614
33.93051
34.24265
34.56913
34.8301
36.66854
37.83696
39.32928
39.70814
40.68192
42.19797
42.82822
43.39884
44.24224
45.56346
45.80904
46.1179
46.99103
47.96145
48.29145
50.03248
51.01991
51.96471
53.15117
54.28931
56.20278
57.49161
58.84173
60.27074
61.67762
63.03715
64.38918
65.6982
67.15228
68.49471
69.60455
70.60435
71.97222
73.69062
73.9901
75.11313
76.40537
77.83868
79.19944
80.19284
80.5571
80.90369
81.57515
81.92203
82.25929
82.94212
83.28557
83.62612
84.72588
86.03931
87.11537
88.55897
89.62236
89.96014
91.48167
91.85783
92.70144
94.20079
94.90878
95.42827
95.90176
96.67419
97.36983
97.89317
98.47422
99.69275
100.8857
102.5054
103.1856
104.9366
105.2958
105.6191
105.9576
106.234
106.4616
106.7986
108.1062
109.1898
110.3987
111.1007
111.4236
111.7044
111.9008
112.0519
112.3527
113.4673
114.1024
