1.688558
2.290273
2.658976
3.016129
3.718554
4.09038
4.737619
5.11162
6.169926
6.858581
7.198777
7.808877
8.531115
8.886319
9.206865
9.902796
10.1687
10.48648
11.27656
11.64267
11.98125
12.35921
12.69687
13.2931
13.66805
14.04042
15.085
15.41603
15.72645
16.10647
16.78983
17.51026
17.81422
18.15344
18.76958
19.14097
19.50203
20.21062
20.59349
20.94064
21.22757
21.57143
21.93478
22.25686
22.92623
23.27561
23.6186
23.93161
24.2806
24.65721
24.96562
25.31023
26.01703
26.37782
26.70905
27.05914
27.40796
28.79516
30.51158
30.83819
31.17473
31.51358
31.85785
32.24007
33.5341
35.11889
35.87946
36.26285
36.98903
37.34399
37.55894
38.53488
38.95319
40.06485
40.30212
40.68192
41.41828
42.20193
42.57098
42.83133
43.22954
43.40125
43.75705
43.90128
44.25255
44.56591
44.89305
45.1897
46.60488
46.99103
47.32083
47.63678
47.95167
48.65203
49.03197
49.25163
50.02401
50.36384
50.70662
51.02227
51.29046
51.597
51.95272
52.78536
52.95454
53.45205
53.65219
53.99619
54.29843
55.88692
56.52668
57.09111
57.85239
58.48731
59.1955
59.91484
60.66036
61.34634
62.04179
62.69843
63.43628
64.05423
64.74417
65.41979
66.09562
66.85204
67.50751
67.84731
68.17131
68.87495
69.23107
69.92763
70.25859
70.60094
70.9618
71.66278
72.34813
72.70823
73.03876
74.35905
74.71748
75.10921
75.62764
76.03453
76.3969
77.04481
77.40216
77.84136
78.49506
78.83825
79.19006
79.55542
79.8401
80.19852
80.90799
81.26118
81.57515
82.26853
82.60618
82.93423
83.61864
83.97897
84.31494
84.72588
85.37418
85.68668
86.0559
86.37823
86.74722
87.11537
88.43907
88.71209
89.04181
89.40089
89.96398
90.72833
91.09666
91.48573
92.18056
92.40359
92.70427
93.5127
93.87862
94.18699
94.56217
95.13835
95.90902
96.31857
96.67419
97.00578
97.37918
97.55278
97.91244
98.1044
98.51733
98.70468
99.03084
99.18011
99.44151
100.0368
100.401
100.6012
100.8812
101.7897
102.1855
102.8535
103.4778
103.8974
104.1151
104.9297
107.6939
107.9036
108.0906
108.3747
108.6718
108.9857
109.2056
109.4866
110.3847
110.7391
112.3563
113.2003
113.4695
113.9005
114.1679
114.5577
